#,;;,en,en,ru
